B,0,0,7
B,0,1,-7
B,0,2,-3
B,0,3,-4
B,0,4,1
B,0,5,6
B,0,6,8
B,0,7,6
B,0,8,-6
B,0,9,8
B,0,10,7
B,0,11,-1
B,0,12,9
B,0,13,-6
B,0,14,9
B,0,15,-3
B,0,16,-5
B,0,17,-8
B,0,18,-4
B,0,19,-3
B,1,0,-3
B,1,1,-3
B,1,2,5
B,1,3,6
B,1,4,-5
B,1,5,6
B,1,6,0
B,1,7,0
B,1,8,4
B,1,9,5
B,1,10,-7
B,1,11,3
B,1,12,3
B,1,13,4
B,1,14,-4
B,1,15,1
B,1,16,0
B,1,17,4
B,1,18,2
B,1,19,0
B,2,0,-8
B,2,1,-2
B,2,2,-2
B,2,3,8
B,2,4,5
B,2,5,-6
B,2,6,2
B,2,7,-1
B,2,8,-3
B,2,9,-2
B,2,10,-5
B,2,11,6
B,2,12,-5
B,2,13,8
B,2,14,6
B,2,15,-9
B,2,16,-8
B,2,17,-8
B,2,18,-1
B,2,19,1
B,3,0,-4
B,3,1,-9
B,3,2,1
B,3,3,-1
B,3,4,-6
B,3,5,-4
B,3,6,-7
B,3,7,-6
B,3,8,-8
B,3,9,-1
B,3,10,7
B,3,11,-6
B,3,12,-2
B,3,13,2
B,3,14,1
B,3,15,7
B,3,16,-5
B,3,17,5
B,3,18,-7
B,3,19,-2
B,4,0,-3
B,4,1,-5
B,4,2,-9
B,4,3,-9
B,4,4,1
B,4,5,0
B,4,6,3
B,4,7,-9
B,4,8,0
B,4,9,7
B,4,10,-9
B,4,11,-4
B,4,12,8
B,4,13,1
B,4,14,-1
B,4,15,7
B,4,16,4
B,4,17,-2
B,4,18,5
B,4,19,-2
B,5,0,4
B,5,1,7
B,5,2,-5
B,5,3,0
B,5,4,2
B,5,5,5
B,5,6,-5
B,5,7,-2
B,5,8,-1
B,5,9,-8
B,5,10,9
B,5,11,6
B,5,12,-8
B,5,13,6
B,5,14,-8
B,5,15,4
B,5,16,3
B,5,17,1
B,5,18,-7
B,5,19,7
B,6,0,2
B,6,1,2
B,6,2,5
B,6,3,-7
B,6,4,-6
B,6,5,3
B,6,6,-9
B,6,7,-6
B,6,8,5
B,6,9,0
B,6,10,-8
B,6,11,-4
B,6,12,-5
B,6,13,9
B,6,14,-9
B,6,15,-5
B,6,16,3
B,6,17,-9
B,6,18,-2
B,6,19,0
B,7,0,-4
B,7,1,-6
B,7,2,-1
B,7,3,3
B,7,4,8
B,7,5,5
B,7,6,-1
B,7,7,6
B,7,8,-4
B,7,9,9
B,7,10,0
B,7,11,7
B,7,12,6
B,7,13,4
B,7,14,1
B,7,15,-1
B,7,16,-5
B,7,17,-2
B,7,18,0
B,7,19,-3
B,8,0,6
B,8,1,3
B,8,2,-6
B,8,3,7
B,8,4,-7
B,8,5,2
B,8,6,6
B,8,7,-3
B,8,8,4
B,8,9,-4
B,8,10,-9
B,8,11,-3
B,8,12,-9
B,8,13,4
B,8,14,-3
B,8,15,-2
B,8,16,-9
B,8,17,2
B,8,18,7
B,8,19,0
B,9,0,3
B,9,1,-1
B,9,2,-1
B,9,3,8
B,9,4,-2
B,9,5,-8
B,9,6,-6
B,9,7,5
B,9,8,7
B,9,9,-4
B,9,10,-3
B,9,11,6
B,9,12,-4
B,9,13,9
B,9,14,-7
B,9,15,-3
B,9,16,-9
B,9,17,4
B,9,18,7
B,9,19,-1
B,10,0,-1
B,10,1,0
B,10,2,-2
B,10,3,9
B,10,4,5
B,10,5,-6
B,10,6,3
B,10,7,-2
B,10,8,-8
B,10,9,-8
B,10,10,-6
B,10,11,-9
B,10,12,-8
B,10,13,1
B,10,14,-7
B,10,15,2
B,10,16,2
B,10,17,-6
B,10,18,7
B,10,19,-4
B,11,0,7
B,11,1,-6
B,11,2,-5
B,11,3,-9
B,11,4,-8
B,11,5,8
B,11,6,-5
B,11,7,-9
B,11,8,-5
B,11,9,4
B,11,10,-8
B,11,11,2
B,11,12,7
B,11,13,-5
B,11,14,2
B,11,15,4
B,11,16,-9
B,11,17,6
B,11,18,9
B,11,19,-5
B,12,0,2
B,12,1,3
B,12,2,3
B,12,3,5
B,12,4,-7
B,12,5,2
B,12,6,-4
B,12,7,0
B,12,8,3
B,12,9,1
B,12,10,-4
B,12,11,1
B,12,12,5
B,12,13,7
B,12,14,0
B,12,15,2
B,12,16,3
B,12,17,-8
B,12,18,1
B,12,19,5
B,13,0,-6
B,13,1,1
B,13,2,-5
B,13,3,6
B,13,4,7
B,13,5,6
B,13,6,-2
B,13,7,7
B,13,8,6
B,13,9,-1
B,13,10,-1
B,13,11,-5
B,13,12,-5
B,13,13,3
B,13,14,-7
B,13,15,5
B,13,16,-4
B,13,17,2
B,13,18,-6
B,13,19,-2
B,14,0,5
B,14,1,2
B,14,2,-9
B,14,3,-7
B,14,4,-9
B,14,5,6
B,14,6,4
B,14,7,-6
B,14,8,-8
B,14,9,7
B,14,10,4
B,14,11,6
B,14,12,2
B,14,13,-2
B,14,14,-1
B,14,15,-4
B,14,16,-6
B,14,17,-4
B,14,18,8
B,14,19,4
B,15,0,-4
B,15,1,5
B,15,2,-4
B,15,3,1
B,15,4,8
B,15,5,8
B,15,6,5
B,15,7,-8
B,15,8,8
B,15,9,-8
B,15,10,0
B,15,11,7
B,15,12,1
B,15,13,7
B,15,14,8
B,15,15,4
B,15,16,0
B,15,17,7
B,15,18,3
B,15,19,8
B,16,0,8
B,16,1,-7
B,16,2,-9
B,16,3,9
B,16,4,-6
B,16,5,1
B,16,6,2
B,16,7,-9
B,16,8,1
B,16,9,-2
B,16,10,0
B,16,11,-4
B,16,12,-4
B,16,13,-4
B,16,14,-1
B,16,15,-4
B,16,16,0
B,16,17,8
B,16,18,5
B,16,19,-3
B,17,0,4
B,17,1,-9
B,17,2,8
B,17,3,6
B,17,4,-5
B,17,5,0
B,17,6,9
B,17,7,-2
B,17,8,-4
B,17,9,8
B,17,10,1
B,17,11,6
B,17,12,-6
B,17,13,0
B,17,14,5
B,17,15,-8
B,17,16,-6
B,17,17,2
B,17,18,-4
B,17,19,8
B,18,0,9
B,18,1,-1
B,18,2,4
B,18,3,7
B,18,4,8
B,18,5,8
B,18,6,-9
B,18,7,8
B,18,8,9
B,18,9,-3
B,18,10,-3
B,18,11,-1
B,18,12,6
B,18,13,3
B,18,14,-7
B,18,15,-4
B,18,16,9
B,18,17,7
B,18,18,-1
B,18,19,7
B,19,0,-4
B,19,1,7
B,19,2,-1
B,19,3,-3
B,19,4,-2
B,19,5,4
B,19,6,2
B,19,7,-5
B,19,8,6
B,19,9,-9
B,19,10,8
B,19,11,-6
B,19,12,6
B,19,13,-3
B,19,14,-6
B,19,15,-1
B,19,16,-5
B,19,17,-4
B,19,18,-5
B,19,19,6
B,20,0,1
B,20,1,-7
B,20,2,5
B,20,3,7
B,20,4,6
B,20,5,-4
B,20,6,6
B,20,7,-4
B,20,8,4
B,20,9,-1
B,20,10,-5
B,20,11,-5
B,20,12,7
B,20,13,-1
B,20,14,2
B,20,15,7
B,20,16,6
B,20,17,2
B,20,18,3
B,20,19,0
B,21,0,2
B,21,1,3
B,21,2,-4
B,21,3,8
B,21,4,3
B,21,5,0
B,21,6,-3
B,21,7,8
B,21,8,-3
B,21,9,4
B,21,10,-4
B,21,11,9
B,21,12,-1
B,21,13,-1
B,21,14,-2
B,21,15,8
B,21,16,-5
B,21,17,9
B,21,18,-6
B,21,19,-6
B,22,0,6
B,22,1,7
B,22,2,3
B,22,3,-4
B,22,4,-7
B,22,5,9
B,22,6,-8
B,22,7,4
B,22,8,-4
B,22,9,3
B,22,10,-6
B,22,11,5
B,22,12,5
B,22,13,-9
B,22,14,3
B,22,15,-4
B,22,16,-2
B,22,17,-3
B,22,18,-7
B,22,19,-3
B,23,0,-6
B,23,1,-4
B,23,2,6
B,23,3,6
B,23,4,4
B,23,5,1
B,23,6,-7
B,23,7,1
B,23,8,-4
B,23,9,1
B,23,10,3
B,23,11,3
B,23,12,-7
B,23,13,-1
B,23,14,-9
B,23,15,-4
B,23,16,-2
B,23,17,2
B,23,18,7
B,23,19,-5
B,24,0,6
B,24,1,-5
B,24,2,7
B,24,3,-1
B,24,4,-8
B,24,5,-1
B,24,6,5
B,24,7,-1
B,24,8,6
B,24,9,0
B,24,10,-1
B,24,11,8
B,24,12,-1
B,24,13,-4
B,24,14,-7
B,24,15,4
B,24,16,-3
B,24,17,8
B,24,18,1
B,24,19,-1
B,25,0,3
B,25,1,1
B,25,2,-7
B,25,3,-3
B,25,4,0
B,25,5,2
B,25,6,-9
B,25,7,-8
B,25,8,3
B,25,9,-9
B,25,10,-7
B,25,11,5
B,25,12,1
B,25,13,0
B,25,14,4
B,25,15,-4
B,25,16,0
B,25,17,-4
B,25,18,4
B,25,19,-4
B,26,0,7
B,26,1,0
B,26,2,-5
B,26,3,-7
B,26,4,-5
B,26,5,-9
B,26,6,-5
B,26,7,-9
B,26,8,-3
B,26,9,-6
B,26,10,7
B,26,11,-3
B,26,12,2
B,26,13,6
B,26,14,-5
B,26,15,-2
B,26,16,-6
B,26,17,2
B,26,18,0
B,26,19,8
B,27,0,-7
B,27,1,-3
B,27,2,-4
B,27,3,5
B,27,4,-6
B,27,5,1
B,27,6,-1
B,27,7,1
B,27,8,9
B,27,9,-4
B,27,10,-1
B,27,11,1
B,27,12,1
B,27,13,7
B,27,14,2
B,27,15,-9
B,27,16,5
B,27,17,8
B,27,18,7
B,27,19,-1
B,28,0,7
B,28,1,7
B,28,2,-7
B,28,3,-5
B,28,4,-5
B,28,5,6
B,28,6,-6
B,28,7,1
B,28,8,7
B,28,9,-8
B,28,10,1
B,28,11,-4
B,28,12,8
B,28,13,3
B,28,14,8
B,28,15,-2
B,28,16,-3
B,28,17,9
B,28,18,-8
B,28,19,-3
B,29,0,5
B,29,1,7
B,29,2,0
B,29,3,3
B,29,4,8
B,29,5,-6
B,29,6,6
B,29,7,9
B,29,8,9
B,29,9,3
B,29,10,-4
B,29,11,-5
B,29,12,2
B,29,13,0
B,29,14,-3
B,29,15,3
B,29,16,8
B,29,17,8
B,29,18,8
B,29,19,-8
B,30,0,-9
B,30,1,1
B,30,2,-7
B,30,3,-1
B,30,4,-5
B,30,5,-6
B,30,6,-6
B,30,7,-8
B,30,8,3
B,30,9,6
B,30,10,-7
B,30,11,8
B,30,12,7
B,30,13,-7
B,30,14,-3
B,30,15,-8
B,30,16,-9
B,30,17,9
B,30,18,-5
B,30,19,-6
B,31,0,-5
B,31,1,0
B,31,2,-5
B,31,3,7
B,31,4,6
B,31,5,7
B,31,6,5
B,31,7,-4
B,31,8,5
B,31,9,-3
B,31,10,8
B,31,11,-3
B,31,12,9
B,31,13,4
B,31,14,7
B,31,15,-6
B,31,16,6
B,31,17,-7
B,31,18,2
B,31,19,9
B,32,0,0
B,32,1,2
B,32,2,-2
B,32,3,-5
B,32,4,3
B,32,5,-7
B,32,6,6
B,32,7,-1
B,32,8,-9
B,32,9,-2
B,32,10,6
B,32,11,6
B,32,12,7
B,32,13,-7
B,32,14,-6
B,32,15,-6
B,32,16,-1
B,32,17,4
B,32,18,6
B,32,19,8
B,33,0,-8
B,33,1,-3
B,33,2,-2
B,33,3,6
B,33,4,2
B,33,5,6
B,33,6,-8
B,33,7,5
B,33,8,7
B,33,9,4
B,33,10,9
B,33,11,3
B,33,12,-5
B,33,13,5
B,33,14,-1
B,33,15,4
B,33,16,-8
B,33,17,0
B,33,18,6
B,33,19,-7
B,34,0,6
B,34,1,-5
B,34,2,-8
B,34,3,3
B,34,4,4
B,34,5,-3
B,34,6,1
B,34,7,-6
B,34,8,8
B,34,9,6
B,34,10,2
B,34,11,2
B,34,12,5
B,34,13,2
B,34,14,7
B,34,15,4
B,34,16,8
B,34,17,-2
B,34,18,4
B,34,19,5
B,35,0,-9
B,35,1,2
B,35,2,-9
B,35,3,-3
B,35,4,4
B,35,5,-3
B,35,6,1
B,35,7,7
B,35,8,-4
B,35,9,5
B,35,10,-9
B,35,11,8
B,35,12,5
B,35,13,-1
B,35,14,-4
B,35,15,-4
B,35,16,0
B,35,17,1
B,35,18,1
B,35,19,8
B,36,0,2
B,36,1,0
B,36,2,0
B,36,3,-6
B,36,4,-6
B,36,5,-8
B,36,6,-5
B,36,7,6
B,36,8,4
B,36,9,5
B,36,10,-3
B,36,11,-1
B,36,12,8
B,36,13,-4
B,36,14,-2
B,36,15,-8
B,36,16,-5
B,36,17,-3
B,36,18,0
B,36,19,0
B,37,0,-7
B,37,1,-4
B,37,2,1
B,37,3,5
B,37,4,8
B,37,5,-4
B,37,6,-2
B,37,7,1
B,37,8,-4
B,37,9,-9
B,37,10,3
B,37,11,-9
B,37,12,7
B,37,13,6
B,37,14,4
B,37,15,-2
B,37,16,-8
B,37,17,4
B,37,18,3
B,37,19,-9
B,38,0,-1
B,38,1,2
B,38,2,-5
B,38,3,6
B,38,4,-4
B,38,5,1
B,38,6,9
B,38,7,9
B,38,8,-9
B,38,9,-1
B,38,10,3
B,38,11,-9
B,38,12,-7
B,38,13,-5
B,38,14,6
B,38,15,5
B,38,16,2
B,38,17,8
B,38,18,8
B,38,19,-4
B,39,0,8
B,39,1,-4
B,39,2,-2
B,39,3,8
B,39,4,-8
B,39,5,4
B,39,6,5
B,39,7,8
B,39,8,-1
B,39,9,-1
B,39,10,4
B,39,11,0
B,39,12,-5
B,39,13,9
B,39,14,-2
B,39,15,-1
B,39,16,3
B,39,17,-9
B,39,18,-5
B,39,19,0
B,40,0,3
B,40,1,3
B,40,2,-7
B,40,3,-1
B,40,4,6
B,40,5,8
B,40,6,8
B,40,7,-6
B,40,8,8
B,40,9,7
B,40,10,-4
B,40,11,7
B,40,12,-3
B,40,13,-7
B,40,14,-6
B,40,15,6
B,40,16,-1
B,40,17,-6
B,40,18,2
B,40,19,-6
B,41,0,7
B,41,1,-1
B,41,2,5
B,41,3,3
B,41,4,-2
B,41,5,-7
B,41,6,1
B,41,7,0
B,41,8,-7
B,41,9,2
B,41,10,5
B,41,11,8
B,41,12,-2
B,41,13,2
B,41,14,9
B,41,15,7
B,41,16,8
B,41,17,-9
B,41,18,-4
B,41,19,-2
B,42,0,6
B,42,1,-7
B,42,2,0
B,42,3,-3
B,42,4,-9
B,42,5,-3
B,42,6,7
B,42,7,2
B,42,8,-9
B,42,9,6
B,42,10,9
B,42,11,4
B,42,12,-2
B,42,13,4
B,42,14,3
B,42,15,-9
B,42,16,-3
B,42,17,-3
B,42,18,-7
B,42,19,5
B,43,0,8
B,43,1,-8
B,43,2,-6
B,43,3,-7
B,43,4,3
B,43,5,-6
B,43,6,9
B,43,7,8
B,43,8,-9
B,43,9,1
B,43,10,1
B,43,11,0
B,43,12,-1
B,43,13,-1
B,43,14,-1
B,43,15,7
B,43,16,0
B,43,17,-2
B,43,18,-3
B,43,19,-2
B,44,0,-7
B,44,1,-1
B,44,2,0
B,44,3,5
B,44,4,-2
B,44,5,-5
B,44,6,6
B,44,7,-3
B,44,8,5
B,44,9,-1
B,44,10,9
B,44,11,-2
B,44,12,-3
B,44,13,3
B,44,14,4
B,44,15,-5
B,44,16,2
B,44,17,8
B,44,18,6
B,44,19,8
B,45,0,7
B,45,1,-7
B,45,2,-9
B,45,3,-2
B,45,4,-7
B,45,5,-1
B,45,6,-6
B,45,7,4
B,45,8,8
B,45,9,-8
B,45,10,8
B,45,11,-7
B,45,12,0
B,45,13,6
B,45,14,5
B,45,15,6
B,45,16,4
B,45,17,-2
B,45,18,-7
B,45,19,1
B,46,0,-8
B,46,1,-8
B,46,2,8
B,46,3,5
B,46,4,-6
B,46,5,-6
B,46,6,-3
B,46,7,-3
B,46,8,0
B,46,9,-4
B,46,10,-3
B,46,11,1
B,46,12,2
B,46,13,4
B,46,14,-4
B,46,15,8
B,46,16,-6
B,46,17,-3
B,46,18,-7
B,46,19,2
B,47,0,-2
B,47,1,-9
B,47,2,3
B,47,3,-4
B,47,4,1
B,47,5,-6
B,47,6,0
B,47,7,4
B,47,8,-4
B,47,9,0
B,47,10,-4
B,47,11,-6
B,47,12,-8
B,47,13,2
B,47,14,1
B,47,15,7
B,47,16,-9
B,47,17,8
B,47,18,-4
B,47,19,-5
B,48,0,-4
B,48,1,-3
B,48,2,9
B,48,3,0
B,48,4,-6
B,48,5,7
B,48,6,1
B,48,7,9
B,48,8,9
B,48,9,8
B,48,10,-7
B,48,11,-4
B,48,12,0
B,48,13,9
B,48,14,-3
B,48,15,-1
B,48,16,7
B,48,17,3
B,48,18,0
B,48,19,-4
B,49,0,-8
B,49,1,4
B,49,2,9
B,49,3,-3
B,49,4,3
B,49,5,-5
B,49,6,-3
B,49,7,-3
B,49,8,7
B,49,9,9
B,49,10,4
B,49,11,-8
B,49,12,8
B,49,13,8
B,49,14,4
B,49,15,-7
B,49,16,3
B,49,17,-2
B,49,18,-9
B,49,19,-6
B,50,0,-9
B,50,1,-2
B,50,2,6
B,50,3,3
B,50,4,5
B,50,5,3
B,50,6,-9
B,50,7,-8
B,50,8,-5
B,50,9,5
B,50,10,-6
B,50,11,-9
B,50,12,-3
B,50,13,4
B,50,14,-5
B,50,15,9
B,50,16,9
B,50,17,3
B,50,18,-8
B,50,19,7
B,51,0,-1
B,51,1,-1
B,51,2,-9
B,51,3,8
B,51,4,9
B,51,5,2
B,51,6,9
B,51,7,1
B,51,8,2
B,51,9,-6
B,51,10,9
B,51,11,3
B,51,12,-1
B,51,13,6
B,51,14,-8
B,51,15,0
B,51,16,9
B,51,17,4
B,51,18,-1
B,51,19,5
B,52,0,3
B,52,1,4
B,52,2,8
B,52,3,7
B,52,4,7
B,52,5,7
B,52,6,1
B,52,7,1
B,52,8,-6
B,52,9,8
B,52,10,-8
B,52,11,5
B,52,12,-1
B,52,13,-3
B,52,14,6
B,52,15,4
B,52,16,-4
B,52,17,-9
B,52,18,7
B,52,19,2
B,53,0,5
B,53,1,-2
B,53,2,-7
B,53,3,-8
B,53,4,-9
B,53,5,2
B,53,6,8
B,53,7,-3
B,53,8,-2
B,53,9,-6
B,53,10,1
B,53,11,8
B,53,12,8
B,53,13,1
B,53,14,-4
B,53,15,-2
B,53,16,-6
B,53,17,-6
B,53,18,-8
B,53,19,3
B,54,0,3
B,54,1,-9
B,54,2,2
B,54,3,2
B,54,4,-6
B,54,5,1
B,54,6,-3
B,54,7,-4
B,54,8,5
B,54,9,4
B,54,10,-4
B,54,11,-5
B,54,12,7
B,54,13,-7
B,54,14,-4
B,54,15,9
B,54,16,9
B,54,17,-3
B,54,18,1
B,54,19,9
B,55,0,-9
B,55,1,7
B,55,2,7
B,55,3,-7
B,55,4,-3
B,55,5,2
B,55,6,6
B,55,7,2
B,55,8,-4
B,55,9,-8
B,55,10,-7
B,55,11,-2
B,55,12,-8
B,55,13,-2
B,55,14,-5
B,55,15,-3
B,55,16,-7
B,55,17,3
B,55,18,2
B,55,19,-4
B,56,0,-4
B,56,1,-5
B,56,2,1
B,56,3,5
B,56,4,2
B,56,5,8
B,56,6,-2
B,56,7,6
B,56,8,-6
B,56,9,2
B,56,10,-8
B,56,11,-1
B,56,12,-2
B,56,13,8
B,56,14,4
B,56,15,-3
B,56,16,-1
B,56,17,-2
B,56,18,-4
B,56,19,9
B,57,0,1
B,57,1,1
B,57,2,0
B,57,3,-8
B,57,4,-5
B,57,5,9
B,57,6,-4
B,57,7,7
B,57,8,-2
B,57,9,-2
B,57,10,-3
B,57,11,-3
B,57,12,7
B,57,13,4
B,57,14,-7
B,57,15,-4
B,57,16,-4
B,57,17,-8
B,57,18,7
B,57,19,-7
B,58,0,-8
B,58,1,9
B,58,2,3
B,58,3,-1
B,58,4,-1
B,58,5,0
B,58,6,2
B,58,7,8
B,58,8,8
B,58,9,2
B,58,10,4
B,58,11,4
B,58,12,7
B,58,13,2
B,58,14,8
B,58,15,-4
B,58,16,0
B,58,17,-3
B,58,18,-6
B,58,19,-6
B,59,0,-9
B,59,1,4
B,59,2,8
B,59,3,-7
B,59,4,-9
B,59,5,6
B,59,6,-7
B,59,7,-7
B,59,8,3
B,59,9,6
B,59,10,2
B,59,11,3
B,59,12,7
B,59,13,-6
B,59,14,-7
B,59,15,7
B,59,16,5
B,59,17,-4
B,59,18,5
B,59,19,-3
B,60,0,5
B,60,1,-8
B,60,2,5
B,60,3,-9
B,60,4,8
B,60,5,4
B,60,6,9
B,60,7,-8
B,60,8,-9
B,60,9,1
B,60,10,-2
B,60,11,-4
B,60,12,-3
B,60,13,1
B,60,14,8
B,60,15,1
B,60,16,6
B,60,17,-3
B,60,18,2
B,60,19,-9
B,61,0,-9
B,61,1,-4
B,61,2,1
B,61,3,8
B,61,4,3
B,61,5,-4
B,61,6,-9
B,61,7,7
B,61,8,-3
B,61,9,-6
B,61,10,5
B,61,11,-2
B,61,12,-8
B,61,13,3
B,61,14,-3
B,61,15,0
B,61,16,-2
B,61,17,1
B,61,18,6
B,61,19,8
B,62,0,9
B,62,1,-6
B,62,2,-4
B,62,3,-9
B,62,4,4
B,62,5,6
B,62,6,-9
B,62,7,-9
B,62,8,0
B,62,9,-3
B,62,10,-9
B,62,11,-2
B,62,12,6
B,62,13,4
B,62,14,-9
B,62,15,-9
B,62,16,-4
B,62,17,-2
B,62,18,-9
B,62,19,8
B,63,0,-4
B,63,1,5
B,63,2,6
B,63,3,-9
B,63,4,-8
B,63,5,4
B,63,6,1
B,63,7,2
B,63,8,8
B,63,9,5
B,63,10,-8
B,63,11,7
B,63,12,0
B,63,13,0
B,63,14,1
B,63,15,5
B,63,16,4
B,63,17,-8
B,63,18,8
B,63,19,-5
B,64,0,0
B,64,1,-2
B,64,2,9
B,64,3,8
B,64,4,4
B,64,5,5
B,64,6,8
B,64,7,-7
B,64,8,7
B,64,9,5
B,64,10,3
B,64,11,0
B,64,12,9
B,64,13,3
B,64,14,8
B,64,15,-9
B,64,16,-5
B,64,17,8
B,64,18,0
B,64,19,2
B,65,0,0
B,65,1,-6
B,65,2,9
B,65,3,4
B,65,4,-8
B,65,5,-8
B,65,6,0
B,65,7,3
B,65,8,-9
B,65,9,-3
B,65,10,-1
B,65,11,-7
B,65,12,-9
B,65,13,-4
B,65,14,-2
B,65,15,5
B,65,16,-4
B,65,17,2
B,65,18,-4
B,65,19,-6
B,66,0,-9
B,66,1,9
B,66,2,7
B,66,3,-6
B,66,4,1
B,66,5,-5
B,66,6,-6
B,66,7,-4
B,66,8,9
B,66,9,4
B,66,10,6
B,66,11,9
B,66,12,-4
B,66,13,2
B,66,14,-4
B,66,15,1
B,66,16,-1
B,66,17,-3
B,66,18,5
B,66,19,-3
B,67,0,9
B,67,1,2
B,67,2,3
B,67,3,-8
B,67,4,3
B,67,5,-1
B,67,6,8
B,67,7,6
B,67,8,7
B,67,9,4
B,67,10,8
B,67,11,-2
B,67,12,-8
B,67,13,5
B,67,14,8
B,67,15,-8
B,67,16,-3
B,67,17,-8
B,67,18,5
B,67,19,-2
B,68,0,9
B,68,1,3
B,68,2,-8
B,68,3,8
B,68,4,3
B,68,5,1
B,68,6,2
B,68,7,-5
B,68,8,4
B,68,9,4
B,68,10,7
B,68,11,-4
B,68,12,7
B,68,13,-5
B,68,14,7
B,68,15,6
B,68,16,-3
B,68,17,3
B,68,18,5
B,68,19,-5
B,69,0,8
B,69,1,-9
B,69,2,0
B,69,3,8
B,69,4,4
B,69,5,3
B,69,6,2
B,69,7,-6
B,69,8,0
B,69,9,1
B,69,10,-2
B,69,11,-9
B,69,12,6
B,69,13,-1
B,69,14,-9
B,69,15,-9
B,69,16,-3
B,69,17,3
B,69,18,1
B,69,19,-9
B,70,0,5
B,70,1,-1
B,70,2,2
B,70,3,9
B,70,4,-4
B,70,5,-6
B,70,6,3
B,70,7,5
B,70,8,8
B,70,9,6
B,70,10,6
B,70,11,3
B,70,12,5
B,70,13,-7
B,70,14,-8
B,70,15,7
B,70,16,-3
B,70,17,6
B,70,18,2
B,70,19,-6
B,71,0,0
B,71,1,9
B,71,2,-4
B,71,3,7
B,71,4,7
B,71,5,3
B,71,6,9
B,71,7,5
B,71,8,5
B,71,9,-6
B,71,10,8
B,71,11,6
B,71,12,0
B,71,13,4
B,71,14,3
B,71,15,-8
B,71,16,7
B,71,17,-4
B,71,18,-7
B,71,19,7
B,72,0,-6
B,72,1,-5
B,72,2,7
B,72,3,2
B,72,4,-3
B,72,5,-2
B,72,6,1
B,72,7,9
B,72,8,-6
B,72,9,-6
B,72,10,-4
B,72,11,-3
B,72,12,-8
B,72,13,4
B,72,14,3
B,72,15,-3
B,72,16,6
B,72,17,-1
B,72,18,8
B,72,19,0
B,73,0,-8
B,73,1,-1
B,73,2,7
B,73,3,7
B,73,4,9
B,73,5,7
B,73,6,5
B,73,7,-8
B,73,8,3
B,73,9,-5
B,73,10,7
B,73,11,-6
B,73,12,5
B,73,13,-5
B,73,14,-7
B,73,15,-7
B,73,16,-9
B,73,17,-9
B,73,18,-7
B,73,19,-8
B,74,0,-8
B,74,1,4
B,74,2,-8
B,74,3,4
B,74,4,8
B,74,5,2
B,74,6,7
B,74,7,2
B,74,8,0
B,74,9,-1
B,74,10,-5
B,74,11,-6
B,74,12,-5
B,74,13,-7
B,74,14,4
B,74,15,-3
B,74,16,-2
B,74,17,7
B,74,18,-5
B,74,19,-9
B,75,0,7
B,75,1,3
B,75,2,-7
B,75,3,-1
B,75,4,5
B,75,5,-6
B,75,6,-6
B,75,7,-2
B,75,8,2
B,75,9,-3
B,75,10,4
B,75,11,-8
B,75,12,7
B,75,13,8
B,75,14,-9
B,75,15,7
B,75,16,3
B,75,17,-3
B,75,18,-3
B,75,19,3
B,76,0,-7
B,76,1,6
B,76,2,-7
B,76,3,-6
B,76,4,3
B,76,5,4
B,76,6,-5
B,76,7,7
B,76,8,7
B,76,9,2
B,76,10,6
B,76,11,0
B,76,12,5
B,76,13,-4
B,76,14,-8
B,76,15,7
B,76,16,6
B,76,17,-8
B,76,18,9
B,76,19,7
B,77,0,-5
B,77,1,7
B,77,2,7
B,77,3,-3
B,77,4,7
B,77,5,-4
B,77,6,-9
B,77,7,-5
B,77,8,1
B,77,9,-5
B,77,10,-4
B,77,11,-9
B,77,12,-2
B,77,13,1
B,77,14,9
B,77,15,-7
B,77,16,-2
B,77,17,8
B,77,18,-1
B,77,19,-7
B,78,0,7
B,78,1,1
B,78,2,-9
B,78,3,-3
B,78,4,6
B,78,5,-5
B,78,6,8
B,78,7,-9
B,78,8,-6
B,78,9,-3
B,78,10,-2
B,78,11,2
B,78,12,-1
B,78,13,0
B,78,14,-9
B,78,15,-2
B,78,16,-9
B,78,17,-4
B,78,18,-7
B,78,19,-2
B,79,0,-8
B,79,1,6
B,79,2,1
B,79,3,-2
B,79,4,2
B,79,5,-3
B,79,6,-7
B,79,7,8
B,79,8,8
B,79,9,-7
B,79,10,6
B,79,11,2
B,79,12,9
B,79,13,-5
B,79,14,6
B,79,15,0
B,79,16,5
B,79,17,-9
B,79,18,-7
B,79,19,6
B,80,0,-5
B,80,1,8
B,80,2,2
B,80,3,-5
B,80,4,-4
B,80,5,3
B,80,6,5
B,80,7,-9
B,80,8,-3
B,80,9,6
B,80,10,3
B,80,11,6
B,80,12,-6
B,80,13,-1
B,80,14,1
B,80,15,-1
B,80,16,1
B,80,17,5
B,80,18,4
B,80,19,-4
B,81,0,-1
B,81,1,-5
B,81,2,4
B,81,3,0
B,81,4,5
B,81,5,-5
B,81,6,0
B,81,7,3
B,81,8,-2
B,81,9,-5
B,81,10,3
B,81,11,6
B,81,12,8
B,81,13,7
B,81,14,4
B,81,15,-3
B,81,16,0
B,81,17,-1
B,81,18,3
B,81,19,2
B,82,0,8
B,82,1,2
B,82,2,-5
B,82,3,8
B,82,4,1
B,82,5,2
B,82,6,2
B,82,7,-4
B,82,8,9
B,82,9,8
B,82,10,2
B,82,11,-7
B,82,12,8
B,82,13,-7
B,82,14,2
B,82,15,2
B,82,16,-8
B,82,17,3
B,82,18,-8
B,82,19,3
B,83,0,-2
B,83,1,-1
B,83,2,-9
B,83,3,1
B,83,4,2
B,83,5,-4
B,83,6,3
B,83,7,7
B,83,8,9
B,83,9,-2
B,83,10,2
B,83,11,2
B,83,12,-7
B,83,13,-8
B,83,14,1
B,83,15,4
B,83,16,4
B,83,17,-2
B,83,18,-8
B,83,19,-4
B,84,0,2
B,84,1,3
B,84,2,-5
B,84,3,4
B,84,4,9
B,84,5,4
B,84,6,3
B,84,7,-7
B,84,8,0
B,84,9,-6
B,84,10,-1
B,84,11,1
B,84,12,6
B,84,13,-2
B,84,14,-8
B,84,15,2
B,84,16,4
B,84,17,-5
B,84,18,-5
B,84,19,-5
B,85,0,7
B,85,1,8
B,85,2,3
B,85,3,-3
B,85,4,-9
B,85,5,-3
B,85,6,8
B,85,7,1
B,85,8,-1
B,85,9,1
B,85,10,1
B,85,11,-1
B,85,12,1
B,85,13,8
B,85,14,-5
B,85,15,8
B,85,16,-8
B,85,17,0
B,85,18,7
B,85,19,-8
B,86,0,-1
B,86,1,7
B,86,2,4
B,86,3,1
B,86,4,-1
B,86,5,-2
B,86,6,-9
B,86,7,-7
B,86,8,0
B,86,9,1
B,86,10,9
B,86,11,0
B,86,12,3
B,86,13,-4
B,86,14,-5
B,86,15,-8
B,86,16,-7
B,86,17,-3
B,86,18,-9
B,86,19,0
B,87,0,0
B,87,1,-4
B,87,2,-6
B,87,3,-1
B,87,4,8
B,87,5,-8
B,87,6,-6
B,87,7,-1
B,87,8,-1
B,87,9,-9
B,87,10,5
B,87,11,8
B,87,12,8
B,87,13,-8
B,87,14,4
B,87,15,-4
B,87,16,1
B,87,17,8
B,87,18,-7
B,87,19,-6
B,88,0,8
B,88,1,5
B,88,2,-3
B,88,3,3
B,88,4,7
B,88,5,-1
B,88,6,0
B,88,7,9
B,88,8,-5
B,88,9,-1
B,88,10,-1
B,88,11,7
B,88,12,3
B,88,13,-3
B,88,14,7
B,88,15,-2
B,88,16,-2
B,88,17,-4
B,88,18,7
B,88,19,8
B,89,0,4
B,89,1,-1
B,89,2,1
B,89,3,-1
B,89,4,-2
B,89,5,-3
B,89,6,9
B,89,7,4
B,89,8,-4
B,89,9,7
B,89,10,2
B,89,11,-9
B,89,12,-9
B,89,13,-9
B,89,14,0
B,89,15,-1
B,89,16,9
B,89,17,6
B,89,18,-8
B,89,19,-6
B,90,0,3
B,90,1,5
B,90,2,5
B,90,3,-8
B,90,4,4
B,90,5,-8
B,90,6,-8
B,90,7,8
B,90,8,3
B,90,9,-4
B,90,10,9
B,90,11,7
B,90,12,-6
B,90,13,-2
B,90,14,-3
B,90,15,-2
B,90,16,-8
B,90,17,3
B,90,18,-8
B,90,19,-3
B,91,0,-5
B,91,1,-6
B,91,2,3
B,91,3,5
B,91,4,-9
B,91,5,-2
B,91,6,-4
B,91,7,1
B,91,8,4
B,91,9,0
B,91,10,8
B,91,11,5
B,91,12,-9
B,91,13,7
B,91,14,-9
B,91,15,5
B,91,16,-5
B,91,17,5
B,91,18,-4
B,91,19,-6
B,92,0,-4
B,92,1,-2
B,92,2,-9
B,92,3,0
B,92,4,4
B,92,5,-1
B,92,6,-5
B,92,7,9
B,92,8,1
B,92,9,6
B,92,10,-5
B,92,11,4
B,92,12,-6
B,92,13,8
B,92,14,5
B,92,15,-2
B,92,16,-9
B,92,17,-2
B,92,18,8
B,92,19,-2
B,93,0,-3
B,93,1,0
B,93,2,1
B,93,3,6
B,93,4,2
B,93,5,-6
B,93,6,-4
B,93,7,4
B,93,8,6
B,93,9,7
B,93,10,9
B,93,11,8
B,93,12,4
B,93,13,-4
B,93,14,-1
B,93,15,8
B,93,16,9
B,93,17,-2
B,93,18,-8
B,93,19,-4
B,94,0,7
B,94,1,6
B,94,2,-5
B,94,3,-9
B,94,4,-2
B,94,5,-7
B,94,6,1
B,94,7,-4
B,94,8,-4
B,94,9,-5
B,94,10,-9
B,94,11,-3
B,94,12,2
B,94,13,-2
B,94,14,0
B,94,15,6
B,94,16,-9
B,94,17,9
B,94,18,1
B,94,19,-3
B,95,0,-4
B,95,1,-8
B,95,2,7
B,95,3,7
B,95,4,6
B,95,5,-1
B,95,6,0
B,95,7,5
B,95,8,3
B,95,9,-5
B,95,10,-6
B,95,11,-1
B,95,12,7
B,95,13,-6
B,95,14,2
B,95,15,2
B,95,16,-9
B,95,17,-9
B,95,18,9
B,95,19,0
B,96,0,-7
B,96,1,-8
B,96,2,-2
B,96,3,6
B,96,4,-7
B,96,5,-6
B,96,6,-6
B,96,7,5
B,96,8,6
B,96,9,-9
B,96,10,-4
B,96,11,5
B,96,12,-5
B,96,13,8
B,96,14,-1
B,96,15,0
B,96,16,-5
B,96,17,5
B,96,18,0
B,96,19,2
B,97,0,-2
B,97,1,-6
B,97,2,6
B,97,3,-8
B,97,4,-7
B,97,5,4
B,97,6,5
B,97,7,6
B,97,8,-1
B,97,9,-2
B,97,10,6
B,97,11,-5
B,97,12,7
B,97,13,4
B,97,14,-7
B,97,15,-9
B,97,16,6
B,97,17,4
B,97,18,0
B,97,19,-8
B,98,0,-4
B,98,1,-5
B,98,2,6
B,98,3,8
B,98,4,-3
B,98,5,7
B,98,6,-5
B,98,7,-7
B,98,8,-2
B,98,9,-3
B,98,10,-5
B,98,11,-5
B,98,12,-7
B,98,13,-3
B,98,14,0
B,98,15,6
B,98,16,-5
B,98,17,-4
B,98,18,0
B,98,19,6
B,99,0,-7
B,99,1,9
B,99,2,-9
B,99,3,-3
B,99,4,-1
B,99,5,8
B,99,6,-9
B,99,7,3
B,99,8,-6
B,99,9,2
B,99,10,-9
B,99,11,7
B,99,12,-5
B,99,13,9
B,99,14,3
B,99,15,6
B,99,16,2
B,99,17,5
B,99,18,3
B,99,19,-7
B,100,0,2
B,100,1,2
B,100,2,8
B,100,3,-2
B,100,4,-4
B,100,5,6
B,100,6,-6
B,100,7,6
B,100,8,6
B,100,9,-3
B,100,10,-8
B,100,11,1
B,100,12,-1
B,100,13,-2
B,100,14,-2
B,100,15,5
B,100,16,7
B,100,17,-2
B,100,18,-2
B,100,19,-3
B,101,0,-4
B,101,1,7
B,101,2,-9
B,101,3,0
B,101,4,-2
B,101,5,-5
B,101,6,-8
B,101,7,7
B,101,8,8
B,101,9,-5
B,101,10,0
B,101,11,2
B,101,12,-9
B,101,13,3
B,101,14,-8
B,101,15,-2
B,101,16,8
B,101,17,1
B,101,18,2
B,101,19,8
B,102,0,-3
B,102,1,7
B,102,2,-8
B,102,3,6
B,102,4,3
B,102,5,2
B,102,6,-5
B,102,7,-7
B,102,8,-6
B,102,9,3
B,102,10,-3
B,102,11,8
B,102,12,-5
B,102,13,-7
B,102,14,0
B,102,15,-4
B,102,16,-1
B,102,17,-6
B,102,18,0
B,102,19,-1
B,103,0,4
B,103,1,-7
B,103,2,2
B,103,3,-5
B,103,4,2
B,103,5,8
B,103,6,8
B,103,7,1
B,103,8,3
B,103,9,-7
B,103,10,2
B,103,11,3
B,103,12,-5
B,103,13,2
B,103,14,-2
B,103,15,1
B,103,16,4
B,103,17,6
B,103,18,6
B,103,19,-4
B,104,0,-3
B,104,1,1
B,104,2,-3
B,104,3,3
B,104,4,0
B,104,5,-2
B,104,6,6
B,104,7,-5
B,104,8,3
B,104,9,-5
B,104,10,-8
B,104,11,1
B,104,12,-7
B,104,13,7
B,104,14,-2
B,104,15,8
B,104,16,9
B,104,17,7
B,104,18,3
B,104,19,0
B,105,0,7
B,105,1,-9
B,105,2,8
B,105,3,7
B,105,4,-1
B,105,5,-9
B,105,6,-1
B,105,7,6
B,105,8,8
B,105,9,9
B,105,10,2
B,105,11,-2
B,105,12,4
B,105,13,-6
B,105,14,-7
B,105,15,-3
B,105,16,1
B,105,17,-8
B,105,18,6
B,105,19,3
B,106,0,2
B,106,1,-4
B,106,2,-9
B,106,3,-6
B,106,4,-2
B,106,5,5
B,106,6,-4
B,106,7,5
B,106,8,-8
B,106,9,0
B,106,10,2
B,106,11,-2
B,106,12,5
B,106,13,-6
B,106,14,-3
B,106,15,0
B,106,16,-7
B,106,17,2
B,106,18,0
B,106,19,7
B,107,0,-8
B,107,1,5
B,107,2,0
B,107,3,4
B,107,4,2
B,107,5,-3
B,107,6,-3
B,107,7,2
B,107,8,-3
B,107,9,-5
B,107,10,-9
B,107,11,-2
B,107,12,0
B,107,13,4
B,107,14,-1
B,107,15,1
B,107,16,1
B,107,17,3
B,107,18,-8
B,107,19,-7
B,108,0,-8
B,108,1,6
B,108,2,-5
B,108,3,-8
B,108,4,1
B,108,5,5
B,108,6,-9
B,108,7,3
B,108,8,-9
B,108,9,-4
B,108,10,-3
B,108,11,2
B,108,12,0
B,108,13,-9
B,108,14,8
B,108,15,3
B,108,16,-2
B,108,17,-5
B,108,18,9
B,108,19,9
B,109,0,-3
B,109,1,-1
B,109,2,-9
B,109,3,-4
B,109,4,-7
B,109,5,4
B,109,6,-8
B,109,7,-4
B,109,8,5
B,109,9,3
B,109,10,-6
B,109,11,2
B,109,12,-1
B,109,13,-4
B,109,14,0
B,109,15,4
B,109,16,-1
B,109,17,-9
B,109,18,-5
B,109,19,6
B,110,0,-2
B,110,1,0
B,110,2,3
B,110,3,-7
B,110,4,9
B,110,5,-3
B,110,6,-8
B,110,7,9
B,110,8,-1
B,110,9,8
B,110,10,1
B,110,11,-4
B,110,12,3
B,110,13,-8
B,110,14,1
B,110,15,9
B,110,16,2
B,110,17,-7
B,110,18,3
B,110,19,8
B,111,0,-4
B,111,1,-2
B,111,2,4
B,111,3,4
B,111,4,-1
B,111,5,-3
B,111,6,-9
B,111,7,-7
B,111,8,-8
B,111,9,1
B,111,10,-2
B,111,11,3
B,111,12,8
B,111,13,7
B,111,14,-5
B,111,15,-1
B,111,16,2
B,111,17,-8
B,111,18,-6
B,111,19,5
B,112,0,0
B,112,1,-2
B,112,2,-9
B,112,3,-2
B,112,4,-8
B,112,5,-5
B,112,6,-8
B,112,7,6
B,112,8,3
B,112,9,-3
B,112,10,-5
B,112,11,-3
B,112,12,-8
B,112,13,-3
B,112,14,7
B,112,15,8
B,112,16,8
B,112,17,-8
B,112,18,4
B,112,19,6
B,113,0,0
B,113,1,6
B,113,2,9
B,113,3,-6
B,113,4,5
B,113,5,-3
B,113,6,-4
B,113,7,8
B,113,8,5
B,113,9,2
B,113,10,0
B,113,11,1
B,113,12,-6
B,113,13,7
B,113,14,1
B,113,15,-4
B,113,16,7
B,113,17,-5
B,113,18,6
B,113,19,-6
B,114,0,3
B,114,1,-4
B,114,2,7
B,114,3,-6
B,114,4,-1
B,114,5,-5
B,114,6,6
B,114,7,-6
B,114,8,-5
B,114,9,-3
B,114,10,-3
B,114,11,7
B,114,12,9
B,114,13,8
B,114,14,0
B,114,15,-4
B,114,16,3
B,114,17,-6
B,114,18,9
B,114,19,9
B,115,0,4
B,115,1,2
B,115,2,-9
B,115,3,3
B,115,4,-9
B,115,5,-5
B,115,6,-4
B,115,7,5
B,115,8,9
B,115,9,-9
B,115,10,2
B,115,11,8
B,115,12,1
B,115,13,-7
B,115,14,-1
B,115,15,7
B,115,16,-5
B,115,17,2
B,115,18,4
B,115,19,-4
B,116,0,-4
B,116,1,6
B,116,2,-8
B,116,3,-2
B,116,4,1
B,116,5,-1
B,116,6,-5
B,116,7,-7
B,116,8,7
B,116,9,8
B,116,10,-3
B,116,11,0
B,116,12,7
B,116,13,-9
B,116,14,2
B,116,15,-1
B,116,16,9
B,116,17,3
B,116,18,8
B,116,19,-7
B,117,0,-4
B,117,1,1
B,117,2,8
B,117,3,8
B,117,4,3
B,117,5,-5
B,117,6,-1
B,117,7,2
B,117,8,0
B,117,9,1
B,117,10,6
B,117,11,6
B,117,12,-5
B,117,13,8
B,117,14,-1
B,117,15,5
B,117,16,-8
B,117,17,-1
B,117,18,-6
B,117,19,5
B,118,0,7
B,118,1,5
B,118,2,-5
B,118,3,1
B,118,4,-9
B,118,5,-9
B,118,6,1
B,118,7,-4
B,118,8,-7
B,118,9,-2
B,118,10,3
B,118,11,3
B,118,12,9
B,118,13,4
B,118,14,-1
B,118,15,6
B,118,16,-2
B,118,17,-7
B,118,18,9
B,118,19,-1
B,119,0,5
B,119,1,5
B,119,2,-2
B,119,3,-8
B,119,4,-8
B,119,5,6
B,119,6,3
B,119,7,2
B,119,8,9
B,119,9,7
B,119,10,-1
B,119,11,-5
B,119,12,-1
B,119,13,7
B,119,14,-1
B,119,15,-8
B,119,16,-3
B,119,17,-5
B,119,18,-2
B,119,19,-9
B,120,0,-2
B,120,1,8
B,120,2,-4
B,120,3,6
B,120,4,5
B,120,5,-6
B,120,6,4
B,120,7,-5
B,120,8,-6
B,120,9,-5
B,120,10,6
B,120,11,5
B,120,12,2
B,120,13,2
B,120,14,1
B,120,15,-2
B,120,16,6
B,120,17,-2
B,120,18,-8
B,120,19,0
B,121,0,-5
B,121,1,-3
B,121,2,-3
B,121,3,-3
B,121,4,7
B,121,5,7
B,121,6,4
B,121,7,-3
B,121,8,0
B,121,9,3
B,121,10,-3
B,121,11,-2
B,121,12,3
B,121,13,-2
B,121,14,7
B,121,15,-9
B,121,16,-7
B,121,17,1
B,121,18,-8
B,121,19,-9
B,122,0,2
B,122,1,-8
B,122,2,7
B,122,3,-4
B,122,4,1
B,122,5,-6
B,122,6,-9
B,122,7,8
B,122,8,8
B,122,9,9
B,122,10,-9
B,122,11,1
B,122,12,5
B,122,13,7
B,122,14,-9
B,122,15,3
B,122,16,-7
B,122,17,-1
B,122,18,-1
B,122,19,6
B,123,0,3
B,123,1,2
B,123,2,6
B,123,3,4
B,123,4,-8
B,123,5,4
B,123,6,7
B,123,7,-8
B,123,8,-1
B,123,9,-8
B,123,10,-9
B,123,11,-5
B,123,12,1
B,123,13,-6
B,123,14,8
B,123,15,0
B,123,16,7
B,123,17,2
B,123,18,6
B,123,19,-5
B,124,0,-6
B,124,1,-2
B,124,2,1
B,124,3,4
B,124,4,-4
B,124,5,-1
B,124,6,-2
B,124,7,-3
B,124,8,9
B,124,9,9
B,124,10,6
B,124,11,0
B,124,12,-9
B,124,13,2
B,124,14,1
B,124,15,-4
B,124,16,-2
B,124,17,-1
B,124,18,-5
B,124,19,0
B,125,0,1
B,125,1,4
B,125,2,9
B,125,3,2
B,125,4,-8
B,125,5,-8
B,125,6,-9
B,125,7,-4
B,125,8,-1
B,125,9,-6
B,125,10,2
B,125,11,2
B,125,12,-1
B,125,13,-2
B,125,14,-8
B,125,15,-4
B,125,16,9
B,125,17,4
B,125,18,-1
B,125,19,-8
B,126,0,-6
B,126,1,-9
B,126,2,-5
B,126,3,8
B,126,4,6
B,126,5,-9
B,126,6,6
B,126,7,-1
B,126,8,-2
B,126,9,-7
B,126,10,8
B,126,11,5
B,126,12,-1
B,126,13,1
B,126,14,-4
B,126,15,9
B,126,16,-4
B,126,17,5
B,126,18,6
B,126,19,-8
B,127,0,-4
B,127,1,-2
B,127,2,-6
B,127,3,-8
B,127,4,-2
B,127,5,0
B,127,6,-6
B,127,7,-2
B,127,8,-5
B,127,9,8
B,127,10,-5
B,127,11,-3
B,127,12,9
B,127,13,-8
B,127,14,-9
B,127,15,-2
B,127,16,-3
B,127,17,8
B,127,18,5
B,127,19,-2
B,128,0,-5
B,128,1,7
B,128,2,2
B,128,3,-7
B,128,4,-8
B,128,5,6
B,128,6,-2
B,128,7,-5
B,128,8,2
B,128,9,-7
B,128,10,4
B,128,11,7
B,128,12,-8
B,128,13,-5
B,128,14,9
B,128,15,-5
B,128,16,-2
B,128,17,-1
B,128,18,9
B,128,19,6
B,129,0,-6
B,129,1,9
B,129,2,-8
B,129,3,-3
B,129,4,-4
B,129,5,-4
B,129,6,-3
B,129,7,5
B,129,8,-5
B,129,9,-6
B,129,10,-5
B,129,11,-8
B,129,12,5
B,129,13,1
B,129,14,3
B,129,15,7
B,129,16,1
B,129,17,-7
B,129,18,4
B,129,19,3
B,130,0,4
B,130,1,2
B,130,2,-4
B,130,3,0
B,130,4,-6
B,130,5,6
B,130,6,5
B,130,7,-2
B,130,8,2
B,130,9,-2
B,130,10,1
B,130,11,6
B,130,12,4
B,130,13,2
B,130,14,5
B,130,15,5
B,130,16,0
B,130,17,-4
B,130,18,-3
B,130,19,-7
B,131,0,0
B,131,1,-2
B,131,2,0
B,131,3,-8
B,131,4,-1
B,131,5,-7
B,131,6,-7
B,131,7,0
B,131,8,-6
B,131,9,-6
B,131,10,3
B,131,11,-1
B,131,12,4
B,131,13,-7
B,131,14,-8
B,131,15,5
B,131,16,1
B,131,17,5
B,131,18,-9
B,131,19,4
B,132,0,2
B,132,1,0
B,132,2,7
B,132,3,4
B,132,4,-2
B,132,5,-7
B,132,6,-7
B,132,7,-6
B,132,8,-1
B,132,9,-6
B,132,10,3
B,132,11,-6
B,132,12,-2
B,132,13,-6
B,132,14,-6
B,132,15,-8
B,132,16,-1
B,132,17,-2
B,132,18,9
B,132,19,-1
B,133,0,7
B,133,1,-1
B,133,2,-5
B,133,3,6
B,133,4,0
B,133,5,3
B,133,6,-2
B,133,7,-5
B,133,8,3
B,133,9,2
B,133,10,-1
B,133,11,4
B,133,12,-5
B,133,13,-6
B,133,14,-1
B,133,15,-1
B,133,16,1
B,133,17,1
B,133,18,-3
B,133,19,-1
B,134,0,2
B,134,1,-6
B,134,2,-9
B,134,3,9
B,134,4,4
B,134,5,-2
B,134,6,-8
B,134,7,-3
B,134,8,3
B,134,9,-2
B,134,10,7
B,134,11,8
B,134,12,7
B,134,13,7
B,134,14,-7
B,134,15,-4
B,134,16,-9
B,134,17,-3
B,134,18,4
B,134,19,-6
B,135,0,-2
B,135,1,6
B,135,2,-1
B,135,3,-3
B,135,4,3
B,135,5,-8
B,135,6,-1
B,135,7,5
B,135,8,-3
B,135,9,3
B,135,10,-2
B,135,11,3
B,135,12,9
B,135,13,3
B,135,14,4
B,135,15,-3
B,135,16,-5
B,135,17,-6
B,135,18,0
B,135,19,4
B,136,0,9
B,136,1,-9
B,136,2,-2
B,136,3,5
B,136,4,-4
B,136,5,8
B,136,6,-2
B,136,7,6
B,136,8,-7
B,136,9,-6
B,136,10,0
B,136,11,-6
B,136,12,-9
B,136,13,1
B,136,14,-4
B,136,15,1
B,136,16,-2
B,136,17,-5
B,136,18,-7
B,136,19,6
B,137,0,-9
B,137,1,-5
B,137,2,9
B,137,3,-1
B,137,4,-1
B,137,5,1
B,137,6,7
B,137,7,7
B,137,8,-4
B,137,9,6
B,137,10,-6
B,137,11,-1
B,137,12,-5
B,137,13,-4
B,137,14,2
B,137,15,4
B,137,16,6
B,137,17,4
B,137,18,3
B,137,19,2
B,138,0,-1
B,138,1,-2
B,138,2,6
B,138,3,6
B,138,4,-5
B,138,5,-2
B,138,6,3
B,138,7,1
B,138,8,-8
B,138,9,3
B,138,10,-9
B,138,11,-5
B,138,12,-6
B,138,13,1
B,138,14,6
B,138,15,-2
B,138,16,2
B,138,17,-9
B,138,18,2
B,138,19,2
B,139,0,-9
B,139,1,-4
B,139,2,3
B,139,3,-9
B,139,4,5
B,139,5,0
B,139,6,6
B,139,7,6
B,139,8,-6
B,139,9,7
B,139,10,-7
B,139,11,2
B,139,12,3
B,139,13,-3
B,139,14,-4
B,139,15,3
B,139,16,-4
B,139,17,7
B,139,18,2
B,139,19,3
B,140,0,-4
B,140,1,-6
B,140,2,0
B,140,3,-9
B,140,4,8
B,140,5,0
B,140,6,7
B,140,7,4
B,140,8,-4
B,140,9,-8
B,140,10,-6
B,140,11,-5
B,140,12,4
B,140,13,5
B,140,14,-3
B,140,15,-4
B,140,16,3
B,140,17,-8
B,140,18,6
B,140,19,4
B,141,0,6
B,141,1,-5
B,141,2,-5
B,141,3,1
B,141,4,3
B,141,5,3
B,141,6,-5
B,141,7,4
B,141,8,2
B,141,9,4
B,141,10,-9
B,141,11,4
B,141,12,-3
B,141,13,3
B,141,14,-5
B,141,15,9
B,141,16,7
B,141,17,1
B,141,18,9
B,141,19,5
B,142,0,3
B,142,1,2
B,142,2,6
B,142,3,-1
B,142,4,-3
B,142,5,-3
B,142,6,-6
B,142,7,-3
B,142,8,5
B,142,9,-1
B,142,10,-5
B,142,11,-1
B,142,12,5
B,142,13,8
B,142,14,-7
B,142,15,-8
B,142,16,-8
B,142,17,-1
B,142,18,-3
B,142,19,5
B,143,0,8
B,143,1,-5
B,143,2,-2
B,143,3,3
B,143,4,-7
B,143,5,-8
B,143,6,-4
B,143,7,1
B,143,8,-7
B,143,9,-4
B,143,10,-4
B,143,11,4
B,143,12,-2
B,143,13,7
B,143,14,9
B,143,15,8
B,143,16,-2
B,143,17,-8
B,143,18,6
B,143,19,1
B,144,0,-9
B,144,1,-1
B,144,2,-4
B,144,3,-8
B,144,4,3
B,144,5,8
B,144,6,-9
B,144,7,6
B,144,8,4
B,144,9,-1
B,144,10,5
B,144,11,0
B,144,12,7
B,144,13,-4
B,144,14,-6
B,144,15,9
B,144,16,-8
B,144,17,3
B,144,18,6
B,144,19,-7
B,145,0,9
B,145,1,-7
B,145,2,-3
B,145,3,7
B,145,4,-5
B,145,5,0
B,145,6,-5
B,145,7,-4
B,145,8,9
B,145,9,3
B,145,10,-7
B,145,11,-9
B,145,12,8
B,145,13,4
B,145,14,-8
B,145,15,7
B,145,16,5
B,145,17,1
B,145,18,9
B,145,19,3
B,146,0,-8
B,146,1,-5
B,146,2,1
B,146,3,-3
B,146,4,8
B,146,5,-8
B,146,6,0
B,146,7,5
B,146,8,4
B,146,9,-8
B,146,10,6
B,146,11,9
B,146,12,-8
B,146,13,7
B,146,14,-8
B,146,15,-2
B,146,16,2
B,146,17,1
B,146,18,6
B,146,19,8
B,147,0,-2
B,147,1,2
B,147,2,8
B,147,3,-6
B,147,4,-8
B,147,5,-8
B,147,6,-8
B,147,7,-2
B,147,8,0
B,147,9,-3
B,147,10,-6
B,147,11,2
B,147,12,8
B,147,13,-2
B,147,14,-4
B,147,15,-3
B,147,16,6
B,147,17,-4
B,147,18,1
B,147,19,4
B,148,0,8
B,148,1,-3
B,148,2,-9
B,148,3,2
B,148,4,0
B,148,5,-8
B,148,6,-8
B,148,7,1
B,148,8,-7
B,148,9,3
B,148,10,-7
B,148,11,1
B,148,12,-8
B,148,13,-5
B,148,14,3
B,148,15,6
B,148,16,3
B,148,17,1
B,148,18,0
B,148,19,9
B,149,0,2
B,149,1,-8
B,149,2,-6
B,149,3,2
B,149,4,3
B,149,5,-8
B,149,6,-8
B,149,7,0
B,149,8,7
B,149,9,9
B,149,10,8
B,149,11,4
B,149,12,-3
B,149,13,-3
B,149,14,6
B,149,15,0
B,149,16,-9
B,149,17,8
B,149,18,7
B,149,19,3
B,150,0,7
B,150,1,7
B,150,2,0
B,150,3,-9
B,150,4,-7
B,150,5,7
B,150,6,9
B,150,7,-1
B,150,8,-7
B,150,9,-7
B,150,10,-7
B,150,11,0
B,150,12,-7
B,150,13,8
B,150,14,-2
B,150,15,2
B,150,16,-4
B,150,17,-6
B,150,18,8
B,150,19,8
B,151,0,1
B,151,1,-4
B,151,2,-1
B,151,3,4
B,151,4,-7
B,151,5,5
B,151,6,-8
B,151,7,-8
B,151,8,2
B,151,9,-5
B,151,10,5
B,151,11,-8
B,151,12,-6
B,151,13,-5
B,151,14,6
B,151,15,7
B,151,16,7
B,151,17,6
B,151,18,4
B,151,19,9
B,152,0,0
B,152,1,-1
B,152,2,-7
B,152,3,7
B,152,4,9
B,152,5,8
B,152,6,0
B,152,7,-1
B,152,8,-7
B,152,9,-9
B,152,10,-9
B,152,11,1
B,152,12,1
B,152,13,-3
B,152,14,-5
B,152,15,-9
B,152,16,2
B,152,17,5
B,152,18,2
B,152,19,8
B,153,0,9
B,153,1,1
B,153,2,-5
B,153,3,0
B,153,4,1
B,153,5,-5
B,153,6,1
B,153,7,9
B,153,8,8
B,153,9,2
B,153,10,-4
B,153,11,-7
B,153,12,0
B,153,13,9
B,153,14,6
B,153,15,-2
B,153,16,3
B,153,17,-8
B,153,18,3
B,153,19,-3
B,154,0,-2
B,154,1,8
B,154,2,-2
B,154,3,4
B,154,4,0
B,154,5,-8
B,154,6,5
B,154,7,3
B,154,8,-9
B,154,9,-3
B,154,10,3
B,154,11,-7
B,154,12,-7
B,154,13,-7
B,154,14,2
B,154,15,5
B,154,16,6
B,154,17,-3
B,154,18,-9
B,154,19,-6
B,155,0,-5
B,155,1,5
B,155,2,-2
B,155,3,8
B,155,4,0
B,155,5,4
B,155,6,6
B,155,7,-8
B,155,8,-3
B,155,9,-3
B,155,10,2
B,155,11,8
B,155,12,7
B,155,13,-2
B,155,14,4
B,155,15,-5
B,155,16,6
B,155,17,1
B,155,18,-3
B,155,19,5
B,156,0,-1
B,156,1,-9
B,156,2,2
B,156,3,5
B,156,4,-7
B,156,5,7
B,156,6,0
B,156,7,5
B,156,8,-8
B,156,9,8
B,156,10,-6
B,156,11,-4
B,156,12,-6
B,156,13,-9
B,156,14,9
B,156,15,5
B,156,16,3
B,156,17,9
B,156,18,2
B,156,19,7
B,157,0,3
B,157,1,-8
B,157,2,8
B,157,3,-5
B,157,4,-3
B,157,5,4
B,157,6,-8
B,157,7,5
B,157,8,-8
B,157,9,0
B,157,10,-3
B,157,11,0
B,157,12,8
B,157,13,7
B,157,14,2
B,157,15,-6
B,157,16,7
B,157,17,-1
B,157,18,-2
B,157,19,-9
B,158,0,4
B,158,1,2
B,158,2,7
B,158,3,0
B,158,4,0
B,158,5,3
B,158,6,-8
B,158,7,-9
B,158,8,3
B,158,9,-8
B,158,10,8
B,158,11,7
B,158,12,-7
B,158,13,2
B,158,14,-4
B,158,15,-1
B,158,16,2
B,158,17,-6
B,158,18,-6
B,158,19,9
B,159,0,-7
B,159,1,-1
B,159,2,-2
B,159,3,9
B,159,4,-4
B,159,5,-5
B,159,6,-7
B,159,7,-8
B,159,8,-6
B,159,9,-3
B,159,10,-3
B,159,11,-6
B,159,12,-2
B,159,13,-2
B,159,14,-9
B,159,15,0
B,159,16,7
B,159,17,4
B,159,18,7
B,159,19,-7
B,160,0,-7
B,160,1,8
B,160,2,1
B,160,3,-7
B,160,4,-8
B,160,5,8
B,160,6,6
B,160,7,-5
B,160,8,6
B,160,9,-8
B,160,10,4
B,160,11,-9
B,160,12,6
B,160,13,4
B,160,14,7
B,160,15,7
B,160,16,-4
B,160,17,-4
B,160,18,3
B,160,19,9
B,161,0,9
B,161,1,-8
B,161,2,-5
B,161,3,-6
B,161,4,7
B,161,5,-4
B,161,6,0
B,161,7,-3
B,161,8,-5
B,161,9,-2
B,161,10,8
B,161,11,1
B,161,12,4
B,161,13,7
B,161,14,-1
B,161,15,-5
B,161,16,-9
B,161,17,8
B,161,18,3
B,161,19,9
B,162,0,5
B,162,1,-9
B,162,2,4
B,162,3,-5
B,162,4,4
B,162,5,2
B,162,6,1
B,162,7,-7
B,162,8,-3
B,162,9,-9
B,162,10,3
B,162,11,1
B,162,12,-1
B,162,13,8
B,162,14,6
B,162,15,2
B,162,16,-1
B,162,17,9
B,162,18,3
B,162,19,-2
B,163,0,-8
B,163,1,9
B,163,2,8
B,163,3,-8
B,163,4,6
B,163,5,-4
B,163,6,0
B,163,7,-5
B,163,8,6
B,163,9,0
B,163,10,5
B,163,11,-6
B,163,12,-6
B,163,13,-4
B,163,14,0
B,163,15,9
B,163,16,-5
B,163,17,-2
B,163,18,9
B,163,19,-8
B,164,0,9
B,164,1,7
B,164,2,-3
B,164,3,4
B,164,4,5
B,164,5,4
B,164,6,-9
B,164,7,3
B,164,8,9
B,164,9,9
B,164,10,-2
B,164,11,-1
B,164,12,-9
B,164,13,7
B,164,14,-1
B,164,15,-8
B,164,16,6
B,164,17,6
B,164,18,0
B,164,19,9
B,165,0,5
B,165,1,-9
B,165,2,3
B,165,3,1
B,165,4,5
B,165,5,-5
B,165,6,-7
B,165,7,7
B,165,8,7
B,165,9,-7
B,165,10,-7
B,165,11,-8
B,165,12,-3
B,165,13,1
B,165,14,0
B,165,15,-3
B,165,16,-8
B,165,17,1
B,165,18,-3
B,165,19,-6
B,166,0,9
B,166,1,7
B,166,2,-3
B,166,3,5
B,166,4,0
B,166,5,-3
B,166,6,-9
B,166,7,7
B,166,8,-8
B,166,9,3
B,166,10,3
B,166,11,-8
B,166,12,-9
B,166,13,1
B,166,14,-4
B,166,15,-4
B,166,16,-1
B,166,17,6
B,166,18,-8
B,166,19,-1
B,167,0,6
B,167,1,8
B,167,2,3
B,167,3,-6
B,167,4,-1
B,167,5,-8
B,167,6,-9
B,167,7,2
B,167,8,2
B,167,9,-2
B,167,10,-3
B,167,11,-2
B,167,12,-4
B,167,13,0
B,167,14,-3
B,167,15,-7
B,167,16,-6
B,167,17,-5
B,167,18,4
B,167,19,7
B,168,0,-9
B,168,1,6
B,168,2,1
B,168,3,3
B,168,4,5
B,168,5,-3
B,168,6,-5
B,168,7,-8
B,168,8,1
B,168,9,6
B,168,10,5
B,168,11,8
B,168,12,8
B,168,13,-5
B,168,14,8
B,168,15,-3
B,168,16,0
B,168,17,3
B,168,18,-6
B,168,19,3
B,169,0,5
B,169,1,-4
B,169,2,3
B,169,3,-7
B,169,4,-3
B,169,5,1
B,169,6,-5
B,169,7,8
B,169,8,6
B,169,9,1
B,169,10,3
B,169,11,-9
B,169,12,4
B,169,13,0
B,169,14,-8
B,169,15,6
B,169,16,6
B,169,17,-5
B,169,18,9
B,169,19,-2
B,170,0,-3
B,170,1,5
B,170,2,8
B,170,3,3
B,170,4,-4
B,170,5,9
B,170,6,-3
B,170,7,-5
B,170,8,-7
B,170,9,6
B,170,10,6
B,170,11,4
B,170,12,-5
B,170,13,-9
B,170,14,3
B,170,15,-1
B,170,16,-6
B,170,17,-8
B,170,18,9
B,170,19,9
B,171,0,3
B,171,1,-9
B,171,2,-4
B,171,3,-4
B,171,4,-7
B,171,5,3
B,171,6,8
B,171,7,-5
B,171,8,-3
B,171,9,-7
B,171,10,4
B,171,11,3
B,171,12,5
B,171,13,7
B,171,14,4
B,171,15,5
B,171,16,7
B,171,17,6
B,171,18,-5
B,171,19,1
B,172,0,-4
B,172,1,-7
B,172,2,5
B,172,3,-8
B,172,4,8
B,172,5,5
B,172,6,9
B,172,7,-2
B,172,8,-9
B,172,9,-5
B,172,10,1
B,172,11,-3
B,172,12,3
B,172,13,-5
B,172,14,-9
B,172,15,1
B,172,16,9
B,172,17,2
B,172,18,4
B,172,19,8
B,173,0,-7
B,173,1,-3
B,173,2,4
B,173,3,-1
B,173,4,-7
B,173,5,-6
B,173,6,-2
B,173,7,9
B,173,8,5
B,173,9,9
B,173,10,0
B,173,11,3
B,173,12,5
B,173,13,-8
B,173,14,-7
B,173,15,-5
B,173,16,3
B,173,17,5
B,173,18,1
B,173,19,-5
B,174,0,3
B,174,1,-8
B,174,2,-5
B,174,3,2
B,174,4,-8
B,174,5,7
B,174,6,7
B,174,7,9
B,174,8,-1
B,174,9,9
B,174,10,6
B,174,11,2
B,174,12,-8
B,174,13,9
B,174,14,5
B,174,15,-1
B,174,16,4
B,174,17,-3
B,174,18,4
B,174,19,5
B,175,0,6
B,175,1,-4
B,175,2,3
B,175,3,3
B,175,4,-7
B,175,5,-7
B,175,6,3
B,175,7,-5
B,175,8,-6
B,175,9,4
B,175,10,-3
B,175,11,3
B,175,12,-6
B,175,13,-2
B,175,14,-3
B,175,15,1
B,175,16,9
B,175,17,3
B,175,18,6
B,175,19,-3
B,176,0,6
B,176,1,-1
B,176,2,3
B,176,3,-6
B,176,4,7
B,176,5,-1
B,176,6,7
B,176,7,8
B,176,8,9
B,176,9,8
B,176,10,-9
B,176,11,6
B,176,12,4
B,176,13,3
B,176,14,7
B,176,15,5
B,176,16,0
B,176,17,-6
B,176,18,-2
B,176,19,3
B,177,0,-9
B,177,1,-4
B,177,2,9
B,177,3,8
B,177,4,-5
B,177,5,8
B,177,6,-9
B,177,7,-5
B,177,8,-4
B,177,9,8
B,177,10,-2
B,177,11,-3
B,177,12,-6
B,177,13,9
B,177,14,7
B,177,15,9
B,177,16,-2
B,177,17,5
B,177,18,8
B,177,19,-3
B,178,0,-2
B,178,1,9
B,178,2,-7
B,178,3,-3
B,178,4,8
B,178,5,8
B,178,6,4
B,178,7,6
B,178,8,8
B,178,9,-9
B,178,10,1
B,178,11,-7
B,178,12,-8
B,178,13,7
B,178,14,-3
B,178,15,-4
B,178,16,2
B,178,17,-6
B,178,18,9
B,178,19,-3
B,179,0,-6
B,179,1,9
B,179,2,5
B,179,3,6
B,179,4,-4
B,179,5,8
B,179,6,-7
B,179,7,5
B,179,8,-7
B,179,9,4
B,179,10,2
B,179,11,-4
B,179,12,8
B,179,13,7
B,179,14,1
B,179,15,-9
B,179,16,1
B,179,17,6
B,179,18,-7
B,179,19,-9
B,180,0,6
B,180,1,-2
B,180,2,9
B,180,3,-1
B,180,4,4
B,180,5,-7
B,180,6,-8
B,180,7,-8
B,180,8,1
B,180,9,-5
B,180,10,0
B,180,11,-1
B,180,12,2
B,180,13,-3
B,180,14,-8
B,180,15,-6
B,180,16,-3
B,180,17,-6
B,180,18,3
B,180,19,9
B,181,0,-8
B,181,1,-7
B,181,2,0
B,181,3,4
B,181,4,2
B,181,5,-3
B,181,6,8
B,181,7,-5
B,181,8,9
B,181,9,-4
B,181,10,4
B,181,11,-1
B,181,12,4
B,181,13,-4
B,181,14,-4
B,181,15,1
B,181,16,-4
B,181,17,8
B,181,18,-1
B,181,19,3
B,182,0,-6
B,182,1,-5
B,182,2,0
B,182,3,-9
B,182,4,-5
B,182,5,-3
B,182,6,-2
B,182,7,-5
B,182,8,-9
B,182,9,-5
B,182,10,0
B,182,11,-7
B,182,12,3
B,182,13,-7
B,182,14,5
B,182,15,8
B,182,16,8
B,182,17,-1
B,182,18,-2
B,182,19,-5
B,183,0,3
B,183,1,7
B,183,2,-9
B,183,3,3
B,183,4,3
B,183,5,-7
B,183,6,5
B,183,7,-8
B,183,8,2
B,183,9,-8
B,183,10,-1
B,183,11,-9
B,183,12,-2
B,183,13,1
B,183,14,5
B,183,15,-1
B,183,16,0
B,183,17,-8
B,183,18,7
B,183,19,-6
B,184,0,-4
B,184,1,9
B,184,2,3
B,184,3,8
B,184,4,-1
B,184,5,1
B,184,6,2
B,184,7,-5
B,184,8,-5
B,184,9,-2
B,184,10,9
B,184,11,0
B,184,12,-3
B,184,13,-8
B,184,14,1
B,184,15,2
B,184,16,-9
B,184,17,7
B,184,18,4
B,184,19,9
B,185,0,-6
B,185,1,1
B,185,2,3
B,185,3,-8
B,185,4,6
B,185,5,-7
B,185,6,-6
B,185,7,5
B,185,8,9
B,185,9,7
B,185,10,9
B,185,11,-4
B,185,12,4
B,185,13,9
B,185,14,-2
B,185,15,-7
B,185,16,9
B,185,17,-1
B,185,18,-1
B,185,19,3
B,186,0,-7
B,186,1,-6
B,186,2,-8
B,186,3,2
B,186,4,-4
B,186,5,1
B,186,6,-6
B,186,7,6
B,186,8,-6
B,186,9,-4
B,186,10,1
B,186,11,4
B,186,12,-3
B,186,13,0
B,186,14,-1
B,186,15,2
B,186,16,-6
B,186,17,0
B,186,18,1
B,186,19,4
B,187,0,1
B,187,1,-3
B,187,2,-4
B,187,3,-6
B,187,4,-3
B,187,5,-9
B,187,6,4
B,187,7,-3
B,187,8,2
B,187,9,4
B,187,10,-5
B,187,11,-1
B,187,12,-1
B,187,13,-8
B,187,14,1
B,187,15,5
B,187,16,3
B,187,17,1
B,187,18,-3
B,187,19,4
B,188,0,-3
B,188,1,-2
B,188,2,7
B,188,3,-4
B,188,4,5
B,188,5,0
B,188,6,3
B,188,7,5
B,188,8,-4
B,188,9,8
B,188,10,3
B,188,11,8
B,188,12,-8
B,188,13,-8
B,188,14,-1
B,188,15,4
B,188,16,4
B,188,17,5
B,188,18,5
B,188,19,9
B,189,0,9
B,189,1,9
B,189,2,-8
B,189,3,0
B,189,4,-5
B,189,5,3
B,189,6,9
B,189,7,-5
B,189,8,-8
B,189,9,-4
B,189,10,-6
B,189,11,3
B,189,12,2
B,189,13,3
B,189,14,2
B,189,15,-7
B,189,16,-4
B,189,17,-1
B,189,18,-6
B,189,19,-8
B,190,0,5
B,190,1,5
B,190,2,0
B,190,3,2
B,190,4,9
B,190,5,2
B,190,6,8
B,190,7,6
B,190,8,0
B,190,9,-1
B,190,10,2
B,190,11,-5
B,190,12,-3
B,190,13,-1
B,190,14,-4
B,190,15,4
B,190,16,5
B,190,17,2
B,190,18,0
B,190,19,4
B,191,0,-5
B,191,1,-7
B,191,2,9
B,191,3,-3
B,191,4,1
B,191,5,-2
B,191,6,2
B,191,7,7
B,191,8,9
B,191,9,-3
B,191,10,6
B,191,11,-8
B,191,12,3
B,191,13,9
B,191,14,7
B,191,15,7
B,191,16,6
B,191,17,9
B,191,18,1
B,191,19,2
B,192,0,5
B,192,1,7
B,192,2,0
B,192,3,5
B,192,4,-5
B,192,5,5
B,192,6,0
B,192,7,-1
B,192,8,8
B,192,9,-9
B,192,10,-7
B,192,11,8
B,192,12,0
B,192,13,-6
B,192,14,9
B,192,15,-2
B,192,16,9
B,192,17,-4
B,192,18,-6
B,192,19,7
B,193,0,-9
B,193,1,-6
B,193,2,-6
B,193,3,-4
B,193,4,-6
B,193,5,2
B,193,6,-3
B,193,7,-5
B,193,8,-5
B,193,9,5
B,193,10,0
B,193,11,-1
B,193,12,5
B,193,13,0
B,193,14,8
B,193,15,-6
B,193,16,8
B,193,17,1
B,193,18,1
B,193,19,-9
B,194,0,-5
B,194,1,-5
B,194,2,-7
B,194,3,5
B,194,4,-4
B,194,5,3
B,194,6,2
B,194,7,2
B,194,8,5
B,194,9,1
B,194,10,-7
B,194,11,-7
B,194,12,5
B,194,13,0
B,194,14,-1
B,194,15,-2
B,194,16,7
B,194,17,0
B,194,18,-9
B,194,19,2
B,195,0,1
B,195,1,-2
B,195,2,9
B,195,3,2
B,195,4,8
B,195,5,-7
B,195,6,7
B,195,7,-7
B,195,8,8
B,195,9,2
B,195,10,-3
B,195,11,7
B,195,12,8
B,195,13,4
B,195,14,-3
B,195,15,1
B,195,16,2
B,195,17,1
B,195,18,6
B,195,19,3
B,196,0,-1
B,196,1,4
B,196,2,2
B,196,3,1
B,196,4,0
B,196,5,1
B,196,6,-4
B,196,7,-9
B,196,8,0
B,196,9,-8
B,196,10,6
B,196,11,9
B,196,12,-9
B,196,13,7
B,196,14,-1
B,196,15,-8
B,196,16,3
B,196,17,4
B,196,18,-9
B,196,19,-4
B,197,0,-9
B,197,1,0
B,197,2,-6
B,197,3,9
B,197,4,-1
B,197,5,-6
B,197,6,-3
B,197,7,-9
B,197,8,1
B,197,9,8
B,197,10,-7
B,197,11,2
B,197,12,-7
B,197,13,2
B,197,14,0
B,197,15,-4
B,197,16,-9
B,197,17,-6
B,197,18,-1
B,197,19,-8
B,198,0,-5
B,198,1,3
B,198,2,-3
B,198,3,7
B,198,4,-4
B,198,5,-6
B,198,6,-5
B,198,7,5
B,198,8,-6
B,198,9,-4
B,198,10,3
B,198,11,4
B,198,12,5
B,198,13,-5
B,198,14,2
B,198,15,7
B,198,16,-5
B,198,17,-7
B,198,18,9
B,198,19,9
B,199,0,8
B,199,1,9
B,199,2,4
B,199,3,-1
B,199,4,3
B,199,5,-5
B,199,6,2
B,199,7,-9
B,199,8,4
B,199,9,-4
B,199,10,2
B,199,11,0
B,199,12,-4
B,199,13,5
B,199,14,8
B,199,15,-8
B,199,16,-3
B,199,17,1
B,199,18,2
B,199,19,-1
